2 0.617273 0.337273 0.52 0.430909 
0 0.754545 0.503182 0.490909 0.993636 
0 0.768182 0.208636 0.463636 0.417273 
0 0.669091 0.174091 0.661818 0.348182 
0 0.621818 0.5 0.0345455 1 
1 0.768182 0.208636 0.463636 0.417273 
1 0.788636 0.325 0.313636 0.380909 
1 0.621364 0.0636364 0.757273 0.0618182 
2 0.506364 0.319091 0.987273 0.638182 
2 0.621818 0.5 0.0345455 1 
0 0.621364 0.0636364 0.757273 0.0618182 
0 0.512727 0.359091 0.974545 0.718182 
0 0.455455 0.435455 0.910909 0.821818 
0 0.565909 0.484545 0.544545 0.969091 
1 0.825455 0.248636 0.0272727 0.413636 
2 0.659545 0.396818 0.562727 0.793636 
1 0.5 0.324545 1 0.585455 
