1 0.528 0.288 0.288 0.485333 
0 0.584 0.290667 0.288 0.581333 
2 0.480667 0.545333 0.084 0.24 
0 0.746667 0.109333 0.0693333 0.218667 
2 0.370667 0.634667 0.288 0.586667 
1 0.749333 0.208 0.285333 0.416 
1 0.736 0.213333 0 0.426667 
0 0.288667 0.73 0.289333 0.54 
1 0.592 0.5 0.00533333 1 
0 0.137333 0.727333 0.197333 0.00133333 
0 0.404 0.696667 0 0.198667 
1 0.480667 0.545333 0.084 0.24 
2 0.558 0.446 0.0493333 0.358667 
1 0.477333 0.214 0.594667 0.428 
2 0.632667 0.546667 0.150667 0.432 
2 0.634667 0.671333 0 0.428 
1 0.519333 0.696 0.00933333 0.432 
0 0.545333 0.179333 0.909333 0.225333 
0 0.420667 0.214 0.596 0.428 
1 0.558 0.446 0.0493333 0.358667 
0 0.190667 0.664667 0.381333 0.670667 
1 0.805333 0.5 0.0106667 1 
1 0.247333 0.634667 0.494667 0.429333 
2 0.672667 0.628 0.012 0.429333 
0 0.826 0.128 0.0493333 0.256 
0 0.504667 0.403333 0.585333 0.430667 
0 0.442667 0.591333 0.117333 0.406667 
2 0.404 0.696667 0 0.198667 
2 0.736 0.213333 0 0.426667 
0 0.805333 0.5 0.0106667 1 
0 0.802 0.56 0.396 0.88 
2 0.634667 0.323333 0.0133333 0.372 
2 0.471333 0.378667 0.942667 0.757333 
2 0.326667 0.8 0.229333 0.4 
2 0.596 0.370667 0.0533333 0.376 
1 0.672667 0.628 0.012 0.429333 
0 0.724667 0.5 0.550667 1 
1 0.480667 0.526 0.473333 0.430667 
2 0.765333 0.329333 0.469333 0.658667 
1 0.634667 0.323333 0.0133333 0.372 
2 0.805333 0.5 0.0106667 1 
1 0.254 0.825333 0.508 0.349333 
1 0.546 0.266667 0.0306667 0.370667 
0 0.749333 0.208 0.285333 0.416 
2 0.592 0.288 0.541333 0.432 
2 0.442667 0.591333 0.117333 0.406667 
0 0.546 0.266667 0.0306667 0.370667 
2 0.300667 0.673333 0.601333 0.653333 
2 0.797333 0.296 0.405333 0.432 
2 0.471333 0.442667 0.596 0.432 
2 0.827333 0.246667 0.00133333 0.432 
2 0.518667 0.472667 0.248 0.377333 
0 0.809333 0.238 0.381333 0.430667 
0 0.606667 0.172667 0.786667 0.345333 
1 0.286667 0.75 0.498667 0.430667 
0 0.704 0.096 0.576 0.176 
1 0.711333 0.555333 0.00133333 0.433333 
2 0.711333 0.555333 0.00133333 0.433333 
0 0.827333 0.246667 0.00133333 0.432 
0 0.592 0.288 0.541333 0.432 
1 0.518667 0.472667 0.248 0.377333 
0 0.808 0.0926667 0.384 0.113333 
0 0.788 0.130667 0.032 0.261333 
1 0.634 0.620667 0.561333 0.758667 
2 0.592 0.5 0.00533333 1 
0 0.592 0.5 0.00533333 1 
2 0.647333 0.319333 0.012 0.638667 
1 0.404 0.696667 0 0.198667 
2 0.764667 0.556667 0.470667 0.42 
2 0.442667 0.5 0.568 1 
1 0.317333 0.506 0.634667 0.742667 
1 0.634667 0.366667 0.568 0.733333 
1 0.480667 0.748 0.185333 0.432 
1 0.596 0.370667 0.0533333 0.376 
0 0.394667 0.557333 0.594667 0.432 
1 0.442667 0.591333 0.117333 0.406667 
1 0.403333 0.617333 0.390667 0.429333 
1 0.184667 0.646 0.369333 0.708 
0 0.634 0.620667 0.561333 0.758667 
2 0.634667 0.366667 0.568 0.733333 
1 0.327333 0.752 0.201333 0.336 
0 0.29 0.588667 0.566667 0.822667 
1 0.412667 0.649333 0.825333 0.701333 
2 0.59 0.166667 0.590667 0.333333 
2 0.394667 0.557333 0.594667 0.432 
2 0.748667 0.175333 0.502667 0.350667 
0 0.634667 0.41 0.568 0.82 
2 0.318667 0.673333 0.589333 0.432 
1 0.557333 0.428 0.469333 0.432 
0 0.480667 0.5 0.566667 1 
0 0.335333 0.669333 0.670667 0.661333 
0 0.318667 0.673333 0.589333 0.432 
0 0.59 0.166667 0.590667 0.333333 
0 0.756667 0.148 0.486667 0.296 
0 0.471333 0.378667 0.942667 0.757333 
1 0.777333 0.434667 0.445333 0.869333 
1 0.788667 0.2 0.422667 0.4 
1 0.672667 0.263333 0.521333 0.417333 
1 0.429333 0.384667 0.565333 0.769333 
1 0.486667 0.630667 0 0.202667 
2 0.486667 0.630667 0 0.202667 
1 0.822667 0.194667 0.253333 0.389333 
0 0.486667 0.630667 0 0.202667 
0 0.777333 0.434667 0.445333 0.869333 
1 0.471333 0.378667 0.942667 0.757333 
